7101947105
14033192900
56274478000
6603387961
6603502052
7006341329
7006780516
7005986955
12753496000
7004569277
7402658109
7102424995
8276709300
56249129000
9436438200
6507367957
24472933700
6602115945
36450124600
55902392600
55725530900
55702590300
9536809600
16306315800
35315646600
57190079836
7003554042
7006861633
7006498220
7201502135
7003754716
8581953400
16042676100
55667126500
21233360400
6603436465
23488489600
6508118434
7203081331
7101947105
7401431628
23490107600
12140006700
57188630284
6602587083
7005370403
15835745300
6602768115
7406348919
7404947039
15069255500
12804994600
36080631500
35208226500
6602197423
55224657700
26430894900
7402219162
6603517489
7102024014
55115328000
23489376100
57192035255
36167859900
6507542827
7003501801
35519676700
7102680984
6507918447
35609089100
26325461500
7202047252
14035477500
55904280800
56284578200
22942151600
35889300200
7410293114
7003701334
6603761192
8598934000
55902392600
8838593500
7006825815
56025383000
24764648500
6603490575
55169754200
12647844100
36052898700
13606837900
27171100200
6603333653
55689986900
7006402348
7402658109
7006553735
6505845299
6506766856
8156654000
6603277805
8679143000
55914365100
15069255500
7201925480
6602988902
55722190500
6602510046
15133496600
34972410800
7102086841
6602791236
12142970000
36600288800
36462305100
7103277790
22134814800
34872297200
8688318100
44661292400
16040470700
9278465600
24077597100
7404036753
7401707399
36012143300
35931840300
24922853000
8862348100
16479699100
24280469200
7403918616
56112079300
36665999800
12806092900
14719586500
55891008300
55665712900
56152360800
7402326015
35180471900
15136764700
6602603940
14054995000
7403077264
7005028359
7006287365
7402270051
36842809500
26040596900
34770626800
36918528600
55276984400
24391164000
55716182100
6603174417
18434741100
24802481700
55482805400
7006515927
7003280841
14016921000
6701591956
14044341800
25651604800
6506740574
36799919600
24175802200
7403918616
36961020800
18433512500
8886945400
6603041532
7402926449
14058341300
7004283255
55904280800
55330072000
27170703000
36640132200
34167951400
6506399893
27169369700
21233970200
7102049787
6507392656
15019865400
35206376500
